27
8
3
3
3
3
3
3
3
3
3
3
12
3
3
3
3
3
3
6
4
3
6
4
6
4
4
3
6
4
6
4
4
3
6
4
6
4
4
3
6
4
6
4
6
3
6
3
6
3
3
3
3
3
3
4
3
6
4
6
4
6
3
6
3
6
3
3
3
3
3
3
4
3
6
4
6
4
4
3
6
4
6
4
4
3
6
4
6
4
6
3
6
3
6
3
3
3
3
3
3
4
3
6
4
6
4
8
3
3
3
3
3
3
3
3
3
3
12
3
3
3
3
3
3
6
4
3
6
4
6
4
6
3
6
3
6
3
3
3
3
3
3
4
3
6
4
6
4
4
3
6
4
6
4
4
3
6
4
6
4
6
3
6
3
6
3
3
3
3
3
3
4
3
6
4
6
4
6
3
6
3
6
3
3
3
3
3
3
4
3
6
4
6
4
4
3
6
4
6
4
4
3
6
4
6
4
4
3
6
4
6
4
8
3
3
3
3
3
3
3
3
3
3
12
3
3
3
3
3
3
6
27
8
4
4
4
4
8
3
3
6
3
3
3
4
8
3
3
6
3
3
3
4
8
3
3
6
3
3
3
4
8
4
4
4
4
8
3
3
6
3
3
3
4
8
3
3
6
3
3
3
4
8
3
3
6
3
3
3
4
8
4
4
4
4
8
4
4
4
4
8
3
3
6
3
3
3
4
8
3
3
6
3
3
3
4
8
4
4
4
4
8
3
3
6
3
3
3
4
8
3
3
6
3
3
3
4
8
3
3
6
3
3
3
4
8
4
4
4
4
8
3
3
6
3
3
3
4
8
3
3
6
3
3
3
4
8
4
4
4
4
8
3
3
6
3
3
3
4
8
3
3
6
3
3
3
4
8
3
3
6
3
3
3
4
8
4
4
4
4
8
3
3
6
3
3
3
4
8
3
3
6
3
3
3
4
8
4
4
4
4
9
4
4
4
4
4
4
4
4
4
sum:118
For 4 colors and 3 positions there are 64 totalCodes 
 and the minimum number of guesses is: 0
