   c	1	2	3	4	5	6	7	8	9	10	11	12
p
1	0	0.10	0.12	0.11	0.12	0.12	0.12	0.15	0.16	0.11	0.11	0.11
2	0	0.10	0.12	0.12	0.13	0.13	0.14	0.16	0.17	0.16	0.17	0.22
3	0	0.11	0.13	0.14	0.15	0.17	0.19	0.22	0.22	0.33	0.38	0.38
4	0	0.12	0.14	0.17	0.22	0.28	0.44	0.49	0.6	0.88	1.1	1.4
5	0 	0.14	0.18	0.27	0.43	0.67	1.15	1.65	2.3	3.8	5.8	6.1
6	0	0.16	0.27	0.57	1.13	2.21	4.30	6.87	11.9	13.7	31.2	28.6
7	0	0.19	0.48	1.37	3.36	7.56	16.7	28.9	49.3	82.2	124.6	180
8	0	0.25	0.96	3.58	10.49	25.77	70.25	121.2	178	437.6	673	1192


at m 11 and above the number of runs was decreased from 1000 to 100.
therefore increasing the sd to :

12

13

14

