         1370
         1040
         1100
         1210
         1430           
         1650
         1920
         2520
         1160
         1150
         1270           
         1420
         1870
         2690
         4840
         9550
         1100
         1210
         1430
         1700
         2750
         5650
         13680
         35810
         1160
         1260
         1480
         2200
         4280
         11320
         33560
         104900
         1100
         1320
         1700
         2850
         6760
         22080          
         75630
         257710
         1210
         1370
         1930
         3680
         8680
         9720
         16910
         32790
         90080
